title,ingredients
Chocolate orange tart,"['75g butter', '100g dark chocolate', '225g digestive biscuits', '150ml cream', '3 medium eggs', 'zest of 2 oranges', '325g orange curd', '25g dark chocolate, melted']"
